Shen_ID	Size_voxels	Yeo7_ID	Yeo1_vox	Yeo1_per	Yeo2_vox	Yeo2_per	Yeo3_vox	Yeo3_per	Yeo4_vox	Yeo4_per	Yeo5_vox	Yeo5_per	Yeo6_vox	Yeo6_per	Yeo7_vox	Yeo7_per	Zero_vox	Zero_per
1	4162	4	NaN	NaN	497	11.94137433926	1268	30.4661220567035	1698	40.7976934166266	NaN	NaN	561	13.4790965881788	NaN	NaN	138	3.31571359923114
2	5093	7	NaN	NaN	NaN	NaN	NaN	NaN	NaN	NaN	NaN	NaN	852	16.728843510701	3821	75.0245434910662	420	8.24661299823287
3	2849	5	NaN	NaN	NaN	NaN	NaN	NaN	NaN	NaN	2390	83.8890838890839	12	0.421200421200421	235	8.24850824850825	212	7.44120744120744
4	6089	2	NaN	NaN	4967	81.5733289538512	2	0.0328461159467893	NaN	NaN	NaN	NaN	NaN	NaN	NaN	NaN	1120	18.393824930202
5	3161	4	NaN	NaN	635	20.0885795634293	1050	33.2173362859854	1378	43.5937994305599	NaN	NaN	NaN	NaN	NaN	NaN	98	3.10028472002531
6	4808	7	NaN	NaN	NaN	NaN	NaN	NaN	NaN	NaN	417	8.67304492512479	3962	82.4043261231281	18	0.374376039933444	411	8.54825291181364
7	4958	2	NaN	NaN	2650	53.4489713594191	1182	23.8402581686164	218	4.39693424768052	NaN	NaN	NaN	NaN	NaN	NaN	908	18.313836224284
8	2670	3	NaN	NaN	1012	37.9026217228464	753	28.2022471910112	NaN	NaN	NaN	NaN	NaN	NaN	NaN	NaN	905	33.8951310861423
9	3879	7	NaN	NaN	NaN	NaN	267	6.88321732405259	NaN	NaN	NaN	NaN	2691	69.3735498839907	156	4.02165506573859	765	19.7215777262181
10	5001	7	NaN	NaN	NaN	NaN	NaN	NaN	NaN	NaN	1619	32.373525294941	NaN	NaN	3086	61.7076584683063	296	5.91881623675265
11	3294	8	NaN	NaN	NaN	NaN	NaN	NaN	NaN	NaN	NaN	NaN	NaN	NaN	NaN	NaN	3294	100
12	4117	1	3381	82.122905027933	NaN	NaN	NaN	NaN	NaN	NaN	NaN	NaN	NaN	NaN	NaN	NaN	736	17.877094972067
13	5086	9	NaN	NaN	NaN	NaN	NaN	NaN	NaN	NaN	NaN	NaN	NaN	NaN	NaN	NaN	5086	100
14	5888	1	5487	93.1895380434783	NaN	NaN	NaN	NaN	NaN	NaN	NaN	NaN	NaN	NaN	NaN	NaN	401	6.81046195652174
15	4742	2	NaN	NaN	4048	85.3648249683678	NaN	NaN	NaN	NaN	NaN	NaN	NaN	NaN	NaN	NaN	694	14.6351750316322
16	3268	6	86	2.63157894736842	NaN	NaN	641	19.6144430844553	NaN	NaN	NaN	NaN	1201	36.750305997552	1245	38.0966952264382	95	2.90697674418605
17	4192	4	NaN	NaN	NaN	NaN	5	0.119274809160305	3585	85.5200381679389	NaN	NaN	473	11.2833969465649	NaN	NaN	129	3.07729007633588
18	4700	2	NaN	NaN	2489	52.9574468085106	NaN	NaN	1732	36.8510638297872	NaN	NaN	NaN	NaN	NaN	NaN	479	10.1914893617021
19	5486	7	NaN	NaN	NaN	NaN	75	1.36711629602625	NaN	NaN	661	12.0488516223113	2277	41.5056507473569	2047	37.3131607728764	426	7.76522056142909
20	5552	6	NaN	NaN	NaN	NaN	NaN	NaN	221	3.98054755043228	NaN	NaN	4883	87.950288184438	1	0.0180115273775216	447	8.05115273775216
21	2706	7	8	0.295639320029564	NaN	NaN	NaN	NaN	NaN	NaN	NaN	NaN	3	0.110864745011086	2603	96.1936437546194	92	3.39985218033998
22	4032	5	NaN	NaN	NaN	NaN	NaN	NaN	NaN	NaN	3605	89.4097222222222	NaN	NaN	56	1.38888888888889	371	9.20138888888889
23	5006	1	4413	88.1542149420695	NaN	NaN	52	1.03875349580503	NaN	NaN	NaN	NaN	NaN	NaN	NaN	NaN	541	10.8070315621254
24	7386	7	NaN	NaN	NaN	NaN	276	3.73679935012185	NaN	NaN	NaN	NaN	578	7.82561603032765	6136	83.0760898998105	396	5.36149471974005
25	3911	8	NaN	NaN	NaN	NaN	NaN	NaN	NaN	NaN	NaN	NaN	NaN	NaN	NaN	NaN	3911	100
26	4559	7	NaN	NaN	NaN	NaN	NaN	NaN	NaN	NaN	2785	61.0879578855012	NaN	NaN	1575	34.547049791621	199	4.36499232287782
27	4950	4	NaN	NaN	34	0.686868686868687	NaN	NaN	3949	79.7777777777778	NaN	NaN	514	10.3838383838384	29	0.585858585858586	424	8.56565656565657
28	5627	2	NaN	NaN	4243	75.4043006930869	26	0.46205793495646	3	0.0533143771103608	NaN	NaN	NaN	NaN	NaN	NaN	1355	24.0803269948463
29	2869	3	NaN	NaN	1371	47.7866852561868	1347	46.9501568490763	8	0.278842802370164	NaN	NaN	NaN	NaN	NaN	NaN	143	4.98431509236668
30	4697	8	NaN	NaN	NaN	NaN	NaN	NaN	NaN	NaN	NaN	NaN	NaN	NaN	NaN	NaN	4697	100
31	5453	9	NaN	NaN	NaN	NaN	NaN	NaN	NaN	NaN	NaN	NaN	NaN	NaN	NaN	NaN	5453	100
32	4336	2	NaN	NaN	3520	81.1808118081181	NaN	NaN	NaN	NaN	NaN	NaN	NaN	NaN	NaN	NaN	816	18.8191881918819
33	3689	7	NaN	NaN	22	0.59636757928978	6	0.162645703442667	NaN	NaN	NaN	NaN	1691	45.8389807535918	1846	50.0406614258607	124	3.36134453781513
34	4540	2	NaN	NaN	3069	67.5991189427313	504	11.1013215859031	463	10.1982378854626	NaN	NaN	6	0.13215859030837	NaN	NaN	498	10.9691629955947
35	5441	3	573	10.5311523616982	NaN	NaN	3695	67.9103106046683	514	9.44679286895791	NaN	NaN	356	6.54291490534828	33	0.606506156956442	270	4.96232310237089
36	7329	1	5993	81.7710465274935	NaN	NaN	241	3.28830672670214	NaN	NaN	NaN	NaN	700	9.55109837631328	2	0.0272888525037522	393	5.36225951698731
37	4567	7	NaN	NaN	NaN	NaN	NaN	NaN	NaN	NaN	1117	24.4580687541055	182	3.98511057587037	3060	67.0024085833151	208	4.554412086709
38	7121	9	NaN	NaN	NaN	NaN	NaN	NaN	NaN	NaN	NaN	NaN	NaN	NaN	NaN	NaN	7121	100
39	7169	7	3368	46.980053005998	NaN	NaN	2868	40.0055795787418	NaN	NaN	NaN	NaN	225	3.13851304226531	312	4.3520714186079	396	5.52378295438694
40	4479	3	1390	31.0337128823398	NaN	NaN	1865	41.6387586514847	NaN	NaN	NaN	NaN	418	9.33244027684751	4	0.0893056485822728	802	17.9057825407457
41	5180	3	NaN	NaN	NaN	NaN	2636	50.8880308880309	395	7.62548262548263	NaN	NaN	556	10.7335907335907	1116	21.5444015444015	477	9.20849420849421
42	3951	8	1122	28.3978739559605	NaN	NaN	NaN	NaN	NaN	NaN	NaN	NaN	NaN	NaN	NaN	NaN	2829	71.6021260440395
43	3745	7	NaN	NaN	NaN	NaN	NaN	NaN	565	15.086782376502	101	2.69692923898531	1357	36.2349799732977	880	23.497997329773	842	22.4833110814419
44	3339	2	NaN	NaN	2605	78.0173704702007	NaN	NaN	615	18.418688230009	NaN	NaN	NaN	NaN	109	3.26445043426176	10	0.299490865528601
45	5466	2	NaN	NaN	3437	62.8796194657885	1208	22.1002561287962	536	9.80607391145262	NaN	NaN	NaN	NaN	NaN	NaN	285	5.21405049396268
46	4393	7	NaN	NaN	NaN	NaN	NaN	NaN	37	0.842249032551787	NaN	NaN	186	4.2340086501252	3902	88.8231277031641	268	6.10061461415889
47	1419	7	55	3.87596899224806	NaN	NaN	NaN	NaN	NaN	NaN	NaN	NaN	6	0.422832980972516	1008	71.0359408033827	350	24.6652572233968
48	3128	7	1794	57.3529411764706	NaN	NaN	NaN	NaN	NaN	NaN	NaN	NaN	NaN	NaN	1244	39.769820971867	90	2.8772378516624
49	4637	8	NaN	NaN	NaN	NaN	NaN	NaN	NaN	NaN	NaN	NaN	NaN	NaN	NaN	NaN	4637	100
50	2780	2	NaN	NaN	2464	88.6330935251798	43	1.54676258992806	196	7.05035971223022	NaN	NaN	NaN	NaN	NaN	NaN	77	2.76978417266187
51	5990	7	NaN	NaN	1883	31.4357262103506	NaN	NaN	4	0.0667779632721202	NaN	NaN	NaN	NaN	3987	66.5609348914858	116	1.93656093489149
52	1360	8	NaN	NaN	NaN	NaN	NaN	NaN	NaN	NaN	NaN	NaN	NaN	NaN	NaN	NaN	1360	100
53	3369	1	3121	92.6387652122291	NaN	NaN	NaN	NaN	NaN	NaN	NaN	NaN	NaN	NaN	NaN	NaN	248	7.36123478777085
54	5730	7	NaN	NaN	NaN	NaN	NaN	NaN	773	13.4904013961606	NaN	NaN	1900	33.1588132635253	2213	38.6212914485166	844	14.7294938917976
55	6790	2	NaN	NaN	2274	33.4904270986745	57	0.839469808541974	3112	45.8321060382916	NaN	NaN	525	7.7319587628866	336	4.94845360824742	486	7.15758468335788
56	3992	2	NaN	NaN	3852	96.4929859719439	NaN	NaN	73	1.82865731462926	NaN	NaN	NaN	NaN	NaN	NaN	67	1.67835671342685
57	2248	3	NaN	NaN	472	20.9964412811388	1199	53.3362989323843	NaN	NaN	NaN	NaN	1	0.0444839857651246	NaN	NaN	576	25.6227758007117
58	4997	8	146	2.9217530518311	NaN	NaN	NaN	NaN	NaN	NaN	NaN	NaN	NaN	NaN	NaN	NaN	4851	97.0782469481689
59	3434	4	NaN	NaN	140	4.0768782760629	NaN	NaN	2674	77.8683750728014	NaN	NaN	324	9.43506115317414	146	4.25160163075131	150	4.36808386721025
60	7732	3	927	11.989136057941	NaN	NaN	5698	73.6937403000517	NaN	NaN	NaN	NaN	867	11.2131401965856	NaN	NaN	240	3.10398344542162
61	4900	9	108	2.20408163265306	NaN	NaN	NaN	NaN	NaN	NaN	NaN	NaN	NaN	NaN	NaN	NaN	4792	97.7959183673469
62	3697	7	NaN	NaN	1356	36.6783878820665	NaN	NaN	NaN	NaN	NaN	NaN	NaN	NaN	1932	52.2585880443603	409	11.0630240735732
63	5496	7	NaN	NaN	NaN	NaN	220	4.00291120815138	39	0.709606986899563	NaN	NaN	4958	90.2110625909753	NaN	NaN	279	5.0764192139738
64	3055	3	NaN	NaN	8	0.261865793780687	140	4.58265139116203	1344	43.9934533551555	NaN	NaN	894	29.2635024549918	174	5.69558101472995	495	16.20294599018
65	2376	7	NaN	NaN	NaN	NaN	NaN	NaN	NaN	NaN	1295	54.503367003367	NaN	NaN	1016	42.7609427609428	65	2.73569023569024
66	5549	9	NaN	NaN	NaN	NaN	7	0.126148855649667	NaN	NaN	NaN	NaN	NaN	NaN	NaN	NaN	5542	99.8738511443503
67	7184	6	NaN	NaN	NaN	NaN	NaN	NaN	385	5.35913140311804	NaN	NaN	5653	78.6887527839644	465	6.47271714922049	681	9.4793986636971
68	3296	9	NaN	NaN	NaN	NaN	NaN	NaN	NaN	NaN	NaN	NaN	NaN	NaN	NaN	NaN	3296	100
69	2745	7	NaN	NaN	NaN	NaN	NaN	NaN	NaN	NaN	NaN	NaN	93	3.3879781420765	2292	83.4972677595628	360	13.1147540983607
70	6972	5	NaN	NaN	NaN	NaN	NaN	NaN	NaN	NaN	5737	82.2862880091796	NaN	NaN	NaN	NaN	1235	17.7137119908204
71	4972	2	NaN	NaN	3387	68.1214802896219	NaN	NaN	1147	23.0691874497184	NaN	NaN	20	0.402252614641995	NaN	NaN	418	8.4070796460177
72	4145	6	NaN	NaN	NaN	NaN	NaN	NaN	NaN	NaN	NaN	NaN	3435	82.8709288299156	507	12.2316043425814	203	4.89746682750302
73	3235	9	779	24.080370942813	NaN	NaN	NaN	NaN	NaN	NaN	NaN	NaN	NaN	NaN	NaN	NaN	2456	75.919629057187
74	4410	5	NaN	NaN	NaN	NaN	NaN	NaN	NaN	NaN	2890	65.5328798185941	NaN	NaN	208	4.71655328798186	1312	29.750566893424
75	4543	7	NaN	NaN	17	0.374202069117323	NaN	NaN	1510	33.2379484921858	NaN	NaN	446	9.81730134272507	2544	55.9982390490865	26	0.572309046885318
76	5761	9	NaN	NaN	NaN	NaN	NaN	NaN	NaN	NaN	NaN	NaN	NaN	NaN	NaN	NaN	5761	100
77	5720	8	528	9.23076923076923	NaN	NaN	NaN	NaN	NaN	NaN	680	11.8881118881119	NaN	NaN	311	5.43706293706294	4201	73.4440559440559
78	2783	7	NaN	NaN	NaN	NaN	NaN	NaN	NaN	NaN	346	12.4326266618757	168	6.03665109593963	2055	73.8411785842616	214	7.6895436579231
79	4741	9	NaN	NaN	NaN	NaN	NaN	NaN	NaN	NaN	NaN	NaN	NaN	NaN	NaN	NaN	4741	100
80	4574	3	223	4.87538259728902	5	0.109313511149978	3758	82.1600349803236	15	0.327940533449934	NaN	NaN	NaN	NaN	NaN	NaN	573	12.5273283777875
81	6964	7	NaN	NaN	NaN	NaN	NaN	NaN	NaN	NaN	NaN	NaN	NaN	NaN	5949	85.4250430786904	1015	14.5749569213096
82	4995	4	NaN	NaN	3	0.0600600600600601	NaN	NaN	4275	85.5855855855856	NaN	NaN	5	0.1001001001001	NaN	NaN	712	14.2542542542543
83	4683	2	NaN	NaN	2870	61.2855007473842	NaN	NaN	1394	29.767243220158	NaN	NaN	NaN	NaN	296	6.32073457185565	123	2.62652146060218
84	2869	1	2669	93.0289299407459	NaN	NaN	NaN	NaN	NaN	NaN	NaN	NaN	NaN	NaN	24	0.836528407110491	176	6.1345416521436
85	3362	3	NaN	NaN	NaN	NaN	2666	79.2980368828078	9	0.267697798929209	NaN	NaN	305	9.07198096371208	NaN	NaN	382	11.3622843545509
86	5984	9	NaN	NaN	NaN	NaN	NaN	NaN	NaN	NaN	NaN	NaN	NaN	NaN	NaN	NaN	5984	100
87	5926	3	3265	55.0961862976713	NaN	NaN	2236	37.7320283496456	NaN	NaN	NaN	NaN	NaN	NaN	NaN	NaN	425	7.17178535268309
88	4864	6	NaN	NaN	NaN	NaN	NaN	NaN	865	17.7837171052632	NaN	NaN	3366	69.2023026315789	1	0.0205592105263158	632	12.9934210526316
89	7146	7	NaN	NaN	498	6.96893366918556	NaN	NaN	430	6.01735236495942	941	13.1682059893647	NaN	NaN	5094	71.2846347607053	183	2.56087321578505
90	4565	6	63	1.38006571741511	NaN	NaN	2809	61.5334063526835	NaN	NaN	11	0.240963855421687	1404	30.7557502738226	NaN	NaN	278	6.08981380065717
91	3814	4	NaN	NaN	NaN	NaN	NaN	NaN	2644	69.3235448348191	NaN	NaN	169	4.43104352385946	NaN	NaN	1001	26.2454116413214
92	2312	7	NaN	NaN	NaN	NaN	NaN	NaN	160	6.9204152249135	NaN	NaN	1345	58.1747404844291	558	24.1349480968858	249	10.7698961937716
93	4763	2	NaN	NaN	2926	61.431870669746	NaN	NaN	988	20.7432290573168	NaN	NaN	NaN	NaN	NaN	NaN	849	17.8249002729372
94	8228	6	NaN	NaN	NaN	NaN	76	0.923675255226057	16	0.194457948468644	NaN	NaN	5073	61.6553232863393	2617	31.8060281964025	446	5.42051531356344
95	6996	7	1046	14.9514008004574	NaN	NaN	2902	41.4808461978273	402	5.74614065180103	NaN	NaN	NaN	NaN	1831	26.1720983419097	815	11.6495140080046
96	6762	1	6082	89.9438036083999	NaN	NaN	NaN	NaN	NaN	NaN	NaN	NaN	NaN	NaN	NaN	NaN	680	10.0561963916001
97	5032	1	3594	71.422893481717	NaN	NaN	19	0.37758346581876	NaN	NaN	NaN	NaN	NaN	NaN	NaN	NaN	1419	28.1995230524642
98	1818	8	NaN	NaN	11	0.605060506050605	NaN	NaN	34	1.87018701870187	NaN	NaN	NaN	NaN	NaN	NaN	1773	97.5247524752475
99	4919	4	NaN	NaN	1248	25.371010367961	NaN	NaN	2665	54.1776783899167	NaN	NaN	NaN	NaN	210	4.26916039845497	796	16.1821508436674
100	6780	3	NaN	NaN	2422	35.7227138643068	2476	36.5191740412979	273	4.02654867256637	NaN	NaN	1482	21.858407079646	NaN	NaN	127	1.87315634218289
101	4330	7	NaN	NaN	NaN	NaN	NaN	NaN	58	1.33949191685912	NaN	NaN	610	14.0877598152425	2410	55.6581986143187	1252	28.9145496535797
102	5489	1	5066	92.2936782656222	NaN	NaN	38	0.692293678265622	NaN	NaN	NaN	NaN	NaN	NaN	NaN	NaN	385	7.01402805611222
103	4335	7	NaN	NaN	NaN	NaN	NaN	NaN	960	22.1453287197232	NaN	NaN	621	14.3252595155709	2607	60.1384083044983	147	3.39100346020761
104	5431	9	4	0.0736512612778494	NaN	NaN	NaN	NaN	NaN	NaN	NaN	NaN	NaN	NaN	NaN	NaN	5427	99.9263487387222
105	4787	2	NaN	NaN	3622	75.663254648005	NaN	NaN	671	14.0171297263422	NaN	NaN	NaN	NaN	NaN	NaN	494	10.3196156256528
106	4471	1	3415	76.3811227913219	NaN	NaN	NaN	NaN	NaN	NaN	NaN	NaN	NaN	NaN	NaN	NaN	1056	23.6188772086781
107	3818	6	NaN	NaN	NaN	NaN	71	1.85961236249345	2	0.0523834468308015	NaN	NaN	3628	95.0235725510739	92	2.40963855421687	25	0.654793085385018
108	3504	1	3193	91.1244292237443	NaN	NaN	NaN	NaN	NaN	NaN	NaN	NaN	NaN	NaN	NaN	NaN	311	8.87557077625571
109	4265	5	1402	32.8722157092614	NaN	NaN	799	18.7338804220399	NaN	NaN	1565	36.694021101993	NaN	NaN	NaN	NaN	499	11.6998827667057
110	4922	9	486	9.87403494514425	NaN	NaN	NaN	NaN	NaN	NaN	NaN	NaN	NaN	NaN	NaN	NaN	4436	90.1259650548558
111	3775	7	NaN	NaN	NaN	NaN	1	0.0264900662251656	1395	36.953642384106	NaN	NaN	1238	32.794701986755	921	24.3973509933775	220	5.82781456953642
112	5997	5	23	0.383525095881274	NaN	NaN	NaN	NaN	NaN	NaN	4942	82.4078706019676	NaN	NaN	5	0.0833750208437552	1027	17.1252292813073
113	5796	1	1779	30.6935817805383	NaN	NaN	NaN	NaN	NaN	NaN	50	0.862663906142167	NaN	NaN	123	2.12215320910973	3844	66.3216011042098
114	633	8	NaN	NaN	NaN	NaN	NaN	NaN	NaN	NaN	2	0.315955766192733	NaN	NaN	NaN	NaN	631	99.6840442338073
115	3205	8	NaN	NaN	NaN	NaN	NaN	NaN	NaN	NaN	NaN	NaN	NaN	NaN	NaN	NaN	3205	100
116	4173	6	NaN	NaN	NaN	NaN	2481	59.4536304816679	NaN	NaN	NaN	NaN	1043	24.9940091061586	NaN	NaN	649	15.5523604121735
117	2572	1	2137	83.0870917573872	NaN	NaN	NaN	NaN	NaN	NaN	NaN	NaN	NaN	NaN	NaN	NaN	435	16.9129082426128
118	2273	8	NaN	NaN	NaN	NaN	NaN	NaN	NaN	NaN	NaN	NaN	NaN	NaN	NaN	NaN	2273	100
119	3964	7	NaN	NaN	NaN	NaN	NaN	NaN	NaN	NaN	472	11.9071644803229	NaN	NaN	2887	72.8304742684157	605	15.2623612512614
120	4838	1	4049	83.6916081025217	NaN	NaN	NaN	NaN	NaN	NaN	NaN	NaN	NaN	NaN	NaN	NaN	789	16.3083918974783
121	6966	1	5376	77.1748492678725	NaN	NaN	NaN	NaN	NaN	NaN	NaN	NaN	NaN	NaN	NaN	NaN	1590	22.8251507321275
122	5003	7	NaN	NaN	1117	22.3266040375775	NaN	NaN	2308	46.1323206076354	NaN	NaN	38	0.759544273435938	1079	21.5670597641415	461	9.21447131720968
123	4216	5	NaN	NaN	NaN	NaN	NaN	NaN	NaN	NaN	3722	88.2827324478178	NaN	NaN	275	6.52277039848197	219	5.19449715370019
124	2882	6	NaN	NaN	NaN	NaN	165	5.72519083969466	NaN	NaN	NaN	NaN	1750	60.7217210270645	NaN	NaN	967	33.5530881332408
125	8268	6	NaN	NaN	43	0.52007740686986	5342	64.6105466860184	NaN	NaN	NaN	NaN	1797	21.7343976777939	19	0.229801644895985	1067	12.9051765844219
126	5246	9	NaN	NaN	NaN	NaN	NaN	NaN	NaN	NaN	NaN	NaN	NaN	NaN	NaN	NaN	5246	100
127	3447	8	2040	59.1818973020017	NaN	NaN	NaN	NaN	NaN	NaN	NaN	NaN	NaN	NaN	NaN	NaN	1407	40.8181026979983
128	2531	8	NaN	NaN	NaN	NaN	NaN	NaN	NaN	NaN	NaN	NaN	NaN	NaN	NaN	NaN	2531	100
129	5016	6	NaN	NaN	NaN	NaN	NaN	NaN	5	0.0996810207336523	NaN	NaN	3766	75.0797448165869	605	12.0614035087719	640	12.7591706539075
130	5079	9	NaN	NaN	NaN	NaN	NaN	NaN	NaN	NaN	NaN	NaN	NaN	NaN	NaN	NaN	5079	100
131	4037	7	NaN	NaN	NaN	NaN	NaN	NaN	NaN	NaN	NaN	NaN	11	0.272479564032698	3934	97.4486004458757	92	2.27891999009165
132	4634	1	2103	45.3819594302978	NaN	NaN	NaN	NaN	NaN	NaN	NaN	NaN	511	11.0271903323263	1281	27.6435045317221	739	15.9473457056539
133	6678	8	NaN	NaN	NaN	NaN	NaN	NaN	55	0.823599880203654	1617	24.2138364779874	NaN	NaN	3	0.0449236298292902	5003	74.9176400119796
134	5213	6	NaN	NaN	NaN	NaN	NaN	NaN	NaN	NaN	2111	40.4949165547669	2007	38.499904085939	145	2.78150776903894	950	18.2236715902551
135	3752	7	NaN	NaN	NaN	NaN	26	0.692963752665245	113	3.01172707889126	NaN	NaN	862	22.9744136460554	2581	68.7899786780384	170	4.53091684434968
136	2925	8	2481	84.8205128205128	NaN	NaN	NaN	NaN	NaN	NaN	NaN	NaN	NaN	NaN	31	1.05982905982906	413	14.1196581196581
137	4564	4	NaN	NaN	NaN	NaN	NaN	NaN	1846	40.4469763365469	NaN	NaN	1206	26.4241893076249	1165	25.5258545135846	347	7.60297984224365
138	3272	6	NaN	NaN	NaN	NaN	NaN	NaN	593	18.1234718826406	NaN	NaN	2222	67.9095354523227	88	2.68948655256724	369	11.2775061124694
139	5493	2	NaN	NaN	657	11.9606772255598	2266	41.2525031858729	1100	20.0254869834335	NaN	NaN	1031	18.7693427999272	NaN	NaN	439	7.99198980520663
140	4743	8	NaN	NaN	NaN	NaN	NaN	NaN	NaN	NaN	NaN	NaN	NaN	NaN	NaN	NaN	4743	100
141	2487	8	NaN	NaN	NaN	NaN	NaN	NaN	NaN	NaN	NaN	NaN	NaN	NaN	NaN	NaN	2487	100
142	4733	8	NaN	NaN	NaN	NaN	NaN	NaN	NaN	NaN	NaN	NaN	NaN	NaN	NaN	NaN	4733	100
143	2085	8	NaN	NaN	NaN	NaN	NaN	NaN	NaN	NaN	NaN	NaN	NaN	NaN	NaN	NaN	2085	100
144	3768	6	NaN	NaN	NaN	NaN	NaN	NaN	1632	43.312101910828	NaN	NaN	2115	56.1305732484076	7	0.185774946921444	14	0.371549893842888
145	5075	9	NaN	NaN	NaN	NaN	NaN	NaN	NaN	NaN	NaN	NaN	NaN	NaN	NaN	NaN	5075	100
146	5303	9	NaN	NaN	NaN	NaN	NaN	NaN	NaN	NaN	NaN	NaN	NaN	NaN	NaN	NaN	5303	100
147	6394	6	NaN	NaN	NaN	NaN	NaN	NaN	2	0.0312793243665937	NaN	NaN	5724	89.5214263371911	216	3.37816703159212	452	7.06912730685017
148	4409	8	NaN	NaN	NaN	NaN	NaN	NaN	NaN	NaN	NaN	NaN	NaN	NaN	NaN	NaN	4409	100
149	4391	6	NaN	NaN	NaN	NaN	7	0.159416989296288	183	4.16761557731724	NaN	NaN	375	8.54019585515828	3594	81.8492370758369	232	5.28353450239126
150	4732	3	NaN	NaN	12	0.253592561284869	2441	51.5849535080304	539	11.3905325443787	NaN	NaN	510	10.7776838546069	1021	21.5765004226543	209	4.4167371090448
151	3048	3	29	0.951443569553806	NaN	NaN	2279	74.7703412073491	NaN	NaN	NaN	NaN	675	22.1456692913386	NaN	NaN	65	2.13254593175853
152	6663	2	NaN	NaN	5072	76.1218670268648	326	4.89269098003902	NaN	NaN	NaN	NaN	NaN	NaN	NaN	NaN	1265	18.9854419930962
153	2542	8	NaN	NaN	NaN	NaN	NaN	NaN	NaN	NaN	NaN	NaN	NaN	NaN	NaN	NaN	2542	100
154	4903	9	3	0.0611870283499898	NaN	NaN	NaN	NaN	NaN	NaN	NaN	NaN	NaN	NaN	NaN	NaN	4900	99.93881297165
155	599	8	NaN	NaN	NaN	NaN	NaN	NaN	NaN	NaN	1	0.1669449081803	NaN	NaN	NaN	NaN	598	99.8330550918197
156	1952	6	NaN	NaN	4	0.204918032786885	NaN	NaN	182	9.32377049180328	NaN	NaN	751	38.4733606557377	699	35.8094262295082	316	16.1885245901639
157	5016	1	4373	87.1810207336523	NaN	NaN	NaN	NaN	NaN	NaN	NaN	NaN	NaN	NaN	NaN	NaN	643	12.8189792663477
158	2479	2	NaN	NaN	2432	98.1040742234772	NaN	NaN	17	0.685760387252925	NaN	NaN	NaN	NaN	NaN	NaN	30	1.21016538926987
159	1828	8	NaN	NaN	NaN	NaN	NaN	NaN	NaN	NaN	NaN	NaN	NaN	NaN	NaN	NaN	1828	100
160	3759	1	1880	50.0133014099494	NaN	NaN	NaN	NaN	NaN	NaN	NaN	NaN	NaN	NaN	NaN	NaN	1879	49.9866985900505
161	4248	2	NaN	NaN	2522	59.3691148775895	871	20.5037664783428	NaN	NaN	NaN	NaN	3	0.0706214689265537	NaN	NaN	852	20.0564971751412
162	2086	8	NaN	NaN	NaN	NaN	NaN	NaN	NaN	NaN	NaN	NaN	NaN	NaN	NaN	NaN	2086	100
163	5497	9	NaN	NaN	NaN	NaN	NaN	NaN	NaN	NaN	NaN	NaN	NaN	NaN	NaN	NaN	5497	100
164	5954	3	NaN	NaN	433	7.27242190124286	2655	44.591871011085	NaN	NaN	NaN	NaN	2223	37.3362445414847	NaN	NaN	643	10.7994625461874
165	2451	7	NaN	NaN	NaN	NaN	NaN	NaN	518	21.1342309261526	NaN	NaN	324	13.219094247246	1316	53.6923704610363	293	11.9543043655651
166	5475	9	6	0.10958904109589	NaN	NaN	3	0.0547945205479452	NaN	NaN	NaN	NaN	NaN	NaN	NaN	NaN	5466	99.8356164383562
167	4880	5	NaN	NaN	NaN	NaN	NaN	NaN	NaN	NaN	2908	59.5901639344262	27	0.55327868852459	1224	25.0819672131148	721	14.7745901639344
168	4822	7	NaN	NaN	NaN	NaN	NaN	NaN	1912	39.651596847781	NaN	NaN	1300	26.9597677312319	897	18.60223973455	713	14.7863956864372
169	3280	1	3156	96.219512195122	NaN	NaN	NaN	NaN	NaN	NaN	NaN	NaN	NaN	NaN	NaN	NaN	124	3.78048780487805
170	6177	3	NaN	NaN	1346	21.7905131941072	3812	61.7128055690465	4	0.0647563542172576	NaN	NaN	697	11.2837947223571	NaN	NaN	318	5.14813016027198
171	1749	8	72	4.11663807890223	NaN	NaN	NaN	NaN	NaN	NaN	NaN	NaN	NaN	NaN	7	0.400228702115495	1670	95.4831332189823
172	5263	1	4464	84.8185445563367	NaN	NaN	NaN	NaN	NaN	NaN	NaN	NaN	NaN	NaN	NaN	NaN	799	15.1814554436633
173	3989	4	NaN	NaN	NaN	NaN	NaN	NaN	1880	47.1296064176485	NaN	NaN	499	12.5094008523439	340	8.52343945851091	1270	31.8375532714966
174	4729	5	NaN	NaN	NaN	NaN	NaN	NaN	NaN	NaN	4051	85.6629308521886	NaN	NaN	6	0.126876718122225	672	14.2101924296892
175	3779	7	841	22.254564699656	NaN	NaN	NaN	NaN	NaN	NaN	NaN	NaN	NaN	NaN	2758	72.9822704419159	180	4.76316485842816
176	4146	4	NaN	NaN	30	0.723589001447178	NaN	NaN	1919	46.2855764592378	NaN	NaN	497	11.9874577906416	1303	31.4278822961891	397	9.57549445248432
177	3641	4	NaN	NaN	NaN	NaN	NaN	NaN	3099	85.1139796759132	NaN	NaN	173	4.75144191156276	NaN	NaN	369	10.134578412524
178	4772	9	NaN	NaN	NaN	NaN	NaN	NaN	NaN	NaN	NaN	NaN	NaN	NaN	NaN	NaN	4772	100
179	3848	9	3	0.077962577962578	NaN	NaN	NaN	NaN	NaN	NaN	NaN	NaN	NaN	NaN	NaN	NaN	3845	99.9220374220374
180	1247	6	NaN	NaN	NaN	NaN	NaN	NaN	537	43.0633520449078	NaN	NaN	458	36.7281475541299	NaN	NaN	252	20.2085004009623
181	8805	6	NaN	NaN	33	0.374787052810903	2126	24.145371947757	NaN	NaN	NaN	NaN	4690	53.2651902328223	459	5.2129471890971	1497	17.0017035775128
182	4460	9	622	13.9461883408072	NaN	NaN	NaN	NaN	NaN	NaN	NaN	NaN	NaN	NaN	NaN	NaN	3838	86.0538116591928
183	4391	6	NaN	NaN	NaN	NaN	NaN	NaN	NaN	NaN	NaN	NaN	2022	46.0487360510134	1957	44.5684354361193	412	9.38282851286723
184	3963	6	NaN	NaN	NaN	NaN	NaN	NaN	736	18.5717890487005	NaN	NaN	1813	45.7481705778451	710	17.9157204138279	704	17.7643199596265
185	6489	5	NaN	NaN	NaN	NaN	NaN	NaN	NaN	NaN	3533	54.4459855139467	NaN	NaN	2768	42.6568038218524	188	2.89721066420096
186	4602	7	NaN	NaN	NaN	NaN	NaN	NaN	NaN	NaN	NaN	NaN	21	0.45632333767927	3842	83.4854411125598	739	16.058235549761
187	9115	2	NaN	NaN	7237	79.3965990126166	NaN	NaN	527	5.78167855183763	NaN	NaN	NaN	NaN	54	0.592430060340099	1297	14.2292923752057
188	4982	1	4501	90.3452428743476	NaN	NaN	NaN	NaN	NaN	NaN	NaN	NaN	NaN	NaN	NaN	NaN	481	9.65475712565235
189	4503	1	3951	87.7415056628914	NaN	NaN	2	0.0444148345547413	NaN	NaN	NaN	NaN	NaN	NaN	NaN	NaN	550	12.2140795025539
190	4186	7	NaN	NaN	NaN	NaN	NaN	NaN	NaN	NaN	NaN	NaN	NaN	NaN	3942	94.1710463449594	244	5.82895365504061
191	3036	6	NaN	NaN	NaN	NaN	NaN	NaN	6	0.197628458498024	NaN	NaN	1249	41.1396574440053	1481	48.7812911725955	300	9.88142292490119
192	3375	5	NaN	NaN	NaN	NaN	NaN	NaN	NaN	NaN	2648	78.4592592592593	NaN	NaN	518	15.3481481481481	209	6.19259259259259
193	3745	7	NaN	NaN	NaN	NaN	NaN	NaN	1	0.0267022696929239	353	9.42590120160214	18	0.48064085447263	3204	85.5540720961282	169	4.51268357810414
194	4361	1	2361	54.1389589543683	NaN	NaN	NaN	NaN	NaN	NaN	NaN	NaN	356	8.16326530612245	996	22.8387984407246	648	14.8589772987847
195	4896	8	1815	37.0710784313725	NaN	NaN	1	0.0204248366013072	NaN	NaN	NaN	NaN	NaN	NaN	223	4.5547385620915	2857	58.3537581699346
196	4663	7	NaN	NaN	NaN	NaN	1	0.0214454214025306	NaN	NaN	NaN	NaN	NaN	NaN	4341	93.0945743083852	321	6.88398027021231
197	5722	6	NaN	NaN	NaN	NaN	NaN	NaN	NaN	NaN	217	3.79238028661307	2878	50.2970989164628	2054	35.8965396714435	573	10.0139811254806
198	7828	6	NaN	NaN	NaN	NaN	1443	18.4338272866633	NaN	NaN	NaN	NaN	2502	31.9621870209504	3553	45.3883495145631	330	4.2156361778232
199	3357	4	NaN	NaN	13	0.387250521298779	367	10.9323801012809	2826	84.1823056300268	NaN	NaN	130	3.87250521298779	NaN	NaN	21	0.625558534405719
200	3716	9	NaN	NaN	NaN	NaN	NaN	NaN	NaN	NaN	NaN	NaN	NaN	NaN	NaN	NaN	3716	100
201	6434	6	NaN	NaN	971	15.0917003419335	2505	38.9337892446379	434	6.74541498290333	NaN	NaN	782	12.1541809138949	1152	17.9048803232826	590	9.17003419334784
202	4934	7	NaN	NaN	NaN	NaN	NaN	NaN	NaN	NaN	2072	41.9943250912039	NaN	NaN	2342	47.4665585731658	520	10.5391163356303
203	8470	8	NaN	NaN	NaN	NaN	NaN	NaN	174	2.0543093270366	1688	19.9291617473436	NaN	NaN	16	0.188902007083825	6592	77.827626918536
204	3531	7	NaN	NaN	NaN	NaN	NaN	NaN	NaN	NaN	478	13.5372415746248	47	1.33106768620787	2923	82.7810818465024	83	2.35060889266497
205	3929	6	NaN	NaN	NaN	NaN	259	6.59200814456605	NaN	NaN	NaN	NaN	3009	76.5843726138967	528	13.4385339781115	133	3.38508526342581
206	4475	9	36	0.804469273743017	NaN	NaN	NaN	NaN	NaN	NaN	NaN	NaN	NaN	NaN	NaN	NaN	4439	99.195530726257
207	5950	6	NaN	NaN	NaN	NaN	1769	29.7310924369748	38	0.638655462184874	NaN	NaN	2132	35.8319327731092	1144	19.2268907563025	867	14.5714285714286
208	1104	7	55	4.98188405797101	NaN	NaN	NaN	NaN	NaN	NaN	NaN	NaN	NaN	NaN	748	67.7536231884058	301	27.2644927536232
209	5610	1	4419	78.7700534759358	NaN	NaN	NaN	NaN	NaN	NaN	NaN	NaN	NaN	NaN	NaN	NaN	1191	21.2299465240642
210	4823	3	NaN	NaN	1568	32.510885341074	698	14.4723201326975	1519	31.4949201741655	NaN	NaN	448	9.28882438316401	450	9.33029234916027	140	2.90275761973875
211	4770	4	NaN	NaN	618	12.9559748427673	NaN	NaN	2521	52.8511530398323	NaN	NaN	NaN	NaN	18	0.377358490566038	1613	33.8155136268344
212	3933	1	3527	89.6770912789219	NaN	NaN	NaN	NaN	NaN	NaN	NaN	NaN	NaN	NaN	102	2.59344012204424	304	7.72946859903382
213	4123	6	NaN	NaN	NaN	NaN	NaN	NaN	127	3.08028134853262	880	21.3436817851079	1873	45.4280863448945	396	9.60465680329857	847	20.5432937181664
214	10110	2	NaN	NaN	1316	13.0168150346192	NaN	NaN	14	0.138476755687438	NaN	NaN	NaN	NaN	8012	79.2482690405539	768	7.59643916913947
215	5344	9	NaN	NaN	NaN	NaN	NaN	NaN	NaN	NaN	NaN	NaN	NaN	NaN	NaN	NaN	5344	100
216	6098	7	NaN	NaN	919	15.0705149229255	217	3.55854378484749	1015	16.6448015742867	NaN	NaN	753	12.3483109216136	2952	48.4093145293539	242	3.96851426697278
217	6903	5	10	0.144864551644213	NaN	NaN	21	0.304215558452847	NaN	NaN	6002	86.9477038968564	NaN	NaN	NaN	NaN	870	12.6032159930465
218	7189	1	3465	48.1986368062317	NaN	NaN	1975	27.4725274725275	NaN	NaN	NaN	NaN	713	9.91793017109473	492	6.84378912227013	544	7.56711642787592
219	2699	6	NaN	NaN	NaN	NaN	NaN	NaN	9	0.333456835865135	NaN	NaN	828	30.6780288995924	1807	66.950722489811	55	2.03779177473138
220	4040	4	NaN	NaN	NaN	NaN	NaN	NaN	2110	52.2277227722772	NaN	NaN	730	18.0693069306931	457	11.3118811881188	743	18.3910891089109
221	6423	1	1588	24.7236493850226	NaN	NaN	221	3.44075976957808	NaN	NaN	625	9.73065545695158	NaN	NaN	1189	18.5115989413047	2800	43.5933364471431
222	5073	2	NaN	NaN	4245	83.6782968657599	NaN	NaN	563	11.0979696432091	NaN	NaN	NaN	NaN	227	4.47466982061896	38	0.749063670411985
223	5451	9	NaN	NaN	NaN	NaN	NaN	NaN	NaN	NaN	NaN	NaN	NaN	NaN	NaN	NaN	5451	100
224	3143	9	NaN	NaN	NaN	NaN	NaN	NaN	NaN	NaN	NaN	NaN	NaN	NaN	NaN	NaN	3143	100
225	4574	6	NaN	NaN	NaN	NaN	5	0.109313511149978	248	5.42195015303892	NaN	NaN	2528	55.2689112374289	1624	35.5050284215129	169	3.69479667686926
226	5192	1	3127	60.2272727272727	NaN	NaN	1733	33.3782742681048	NaN	NaN	NaN	NaN	NaN	NaN	NaN	NaN	332	6.3944530046225
227	5834	1	5570	95.4748028796709	NaN	NaN	NaN	NaN	NaN	NaN	NaN	NaN	NaN	NaN	NaN	NaN	264	4.52519712032911
228	4026	4	NaN	NaN	308	7.65027322404372	NaN	NaN	1727	42.896174863388	NaN	NaN	93	2.30998509687034	1616	40.1390958768008	282	7.00447093889717
229	5553	7	NaN	NaN	NaN	NaN	NaN	NaN	NaN	NaN	1	0.0180082838105529	NaN	NaN	4700	84.6389339095984	852	15.343057806591
230	5134	6	NaN	NaN	NaN	NaN	NaN	NaN	NaN	NaN	NaN	NaN	1205	23.4709777950915	3564	69.4195559018309	365	7.10946630307752
231	2986	1	2857	95.6798392498326	NaN	NaN	NaN	NaN	NaN	NaN	NaN	NaN	NaN	NaN	3	0.100468854655057	126	4.21969189551239
232	3030	7	NaN	NaN	NaN	NaN	NaN	NaN	NaN	NaN	NaN	NaN	64	2.11221122112211	2632	86.8646864686469	334	11.023102310231
233	5344	3	193	3.61152694610778	NaN	NaN	1939	36.2836826347305	1218	22.7919161676647	NaN	NaN	NaN	NaN	1382	25.8607784431138	612	11.4520958083832
234	5221	2	NaN	NaN	1963	37.598161271787	NaN	NaN	2328	44.5891591649109	NaN	NaN	112	2.14518291515035	492	9.42348209155334	326	6.24401455659835
235	4155	9	143	3.44163658243081	NaN	NaN	NaN	NaN	NaN	NaN	NaN	NaN	NaN	NaN	NaN	NaN	4012	96.5583634175692
236	6607	3	1109	16.7852277887089	NaN	NaN	4404	66.6565763584077	NaN	NaN	NaN	NaN	745	11.2759194793401	8	0.121083699107008	341	5.1611926744362
237	954	8	15	1.57232704402516	NaN	NaN	NaN	NaN	NaN	NaN	NaN	NaN	NaN	NaN	2	0.209643605870021	937	98.2180293501048
238	5218	7	NaN	NaN	165	3.16213108470678	NaN	NaN	14	0.268302031429667	NaN	NaN	NaN	NaN	4855	93.0433116136451	184	3.52625527021847
239	6606	1	1636	24.7653648198607	NaN	NaN	4125	62.4432334241598	NaN	NaN	NaN	NaN	98	1.48349984862246	NaN	NaN	747	11.3079019073569
240	6288	1	4313	68.5909669211196	NaN	NaN	NaN	NaN	NaN	NaN	NaN	NaN	NaN	NaN	NaN	NaN	1975	31.4090330788804
241	2859	4	NaN	NaN	910	31.8293109478839	NaN	NaN	1562	54.634487583071	3	0.104931794333683	77	2.69324938789787	261	9.12906610703043	46	1.60895417978314
242	5712	7	NaN	NaN	NaN	NaN	3	0.0525210084033613	NaN	NaN	513	8.98109243697479	312	5.46218487394958	4322	75.6652661064426	562	9.83893557422969
243	3393	8	NaN	NaN	NaN	NaN	NaN	NaN	NaN	NaN	NaN	NaN	NaN	NaN	NaN	NaN	3393	100
244	4770	3	NaN	NaN	407	8.53249475890985	3681	77.1698113207547	NaN	NaN	NaN	NaN	1	0.0209643605870021	NaN	NaN	681	14.2767295597484
245	2888	7	NaN	NaN	NaN	NaN	NaN	NaN	101	3.49722991689751	NaN	NaN	4	0.138504155124654	2676	92.6592797783934	107	3.70498614958449
246	6088	3	NaN	NaN	1782	29.2706964520368	3091	50.7720105124836	NaN	NaN	NaN	NaN	6	0.0985545335085414	NaN	NaN	1209	19.8587385019711
247	4231	3	181	4.2779484755377	NaN	NaN	1756	41.5031907350508	NaN	NaN	1518	35.8780430158355	101	2.38714251949894	4	0.0945402978019381	671	15.8591349562751
248	4168	7	NaN	NaN	236	5.66218809980806	NaN	NaN	574	13.7715930902111	930	22.3128598848369	NaN	NaN	2195	52.6631477927063	233	5.59021113243762
249	4574	4	NaN	NaN	410	8.96370791429821	NaN	NaN	3470	75.8635767380848	NaN	NaN	65	1.42107564494972	512	11.1937035417578	117	2.55793616090949
250	5801	2	NaN	NaN	3479	59.9724185485261	NaN	NaN	1475	25.4266505774866	NaN	NaN	NaN	NaN	NaN	NaN	847	14.6009308739872
251	7053	1	5744	81.4405217637885	NaN	NaN	101	1.43201474549837	NaN	NaN	NaN	NaN	NaN	NaN	NaN	NaN	1208	17.1274634907132
252	4821	7	NaN	NaN	NaN	NaN	NaN	NaN	6	0.124455507156192	NaN	NaN	5	0.10371292263016	4456	92.4289566479983	354	7.34287492221531
253	4062	6	309	7.60709010339734	NaN	NaN	7	0.17232890201871	NaN	NaN	NaN	NaN	1237	30.4529788281635	2352	57.9025110782866	157	3.86509108813392
254	3007	3	NaN	NaN	NaN	NaN	1378	45.826405054872	NaN	NaN	NaN	NaN	472	15.6967076820752	13	0.432324575989358	1144	38.0445626870635
255	2889	7	NaN	NaN	NaN	NaN	NaN	NaN	NaN	NaN	NaN	NaN	52	1.79993077189339	2212	76.5662859120803	625	21.6337833160263
256	4171	9	256	6.13761687844642	NaN	NaN	15	0.35962598897147	NaN	NaN	NaN	NaN	NaN	NaN	NaN	NaN	3900	93.5027571325821
257	4732	2	NaN	NaN	4146	87.6162299239222	NaN	NaN	NaN	NaN	NaN	NaN	2	0.0422654268808115	1	0.0211327134404057	583	12.3203719357566
258	4002	2	NaN	NaN	760	18.9905047476262	1662	41.5292353823088	1068	26.6866566716642	NaN	NaN	NaN	NaN	NaN	NaN	512	12.7936031984008
259	5074	2	NaN	NaN	3844	75.7587702010248	482	9.49940875049271	235	4.63145447378794	NaN	NaN	NaN	NaN	NaN	NaN	513	10.1103665746945
260	4941	9	NaN	NaN	NaN	NaN	NaN	NaN	NaN	NaN	NaN	NaN	NaN	NaN	NaN	NaN	4941	100
261	4739	1	4149	87.5501160582401	NaN	NaN	NaN	NaN	NaN	NaN	NaN	NaN	NaN	NaN	NaN	NaN	590	12.4498839417599
262	3065	7	NaN	NaN	NaN	NaN	NaN	NaN	30	0.978792822185971	NaN	NaN	508	16.5742251223491	2193	71.5497553017944	334	10.8972267536705
263	5907	6	NaN	NaN	NaN	NaN	NaN	NaN	1299	21.9908583037075	NaN	NaN	2079	35.195530726257	1767	29.9136617572372	762	12.8999492127984
264	1128	8	NaN	NaN	NaN	NaN	NaN	NaN	NaN	NaN	NaN	NaN	NaN	NaN	NaN	NaN	1128	100
265	3665	8	6	0.163710777626194	NaN	NaN	NaN	NaN	NaN	NaN	NaN	NaN	NaN	NaN	NaN	NaN	3659	99.8362892223738
266	5760	2	NaN	NaN	4467	77.5520833333333	NaN	NaN	NaN	NaN	NaN	NaN	NaN	NaN	NaN	NaN	1293	22.4479166666667
267	3363	8	NaN	NaN	NaN	NaN	NaN	NaN	NaN	NaN	NaN	NaN	NaN	NaN	NaN	NaN	3363	100
268	4836	2	NaN	NaN	2956	61.1248966087676	NaN	NaN	1444	29.8593879239041	NaN	NaN	NaN	NaN	5	0.10339123242349	431	8.91232423490488
269	7022	5	NaN	NaN	NaN	NaN	NaN	NaN	NaN	NaN	6009	85.5739105667901	NaN	NaN	NaN	NaN	1013	14.4260894332099
270	4501	8	62	1.37747167296156	NaN	NaN	107	2.37724950011109	NaN	NaN	49	1.08864696734059	NaN	NaN	186	4.13241501888469	4097	91.0242168407021
271	4674	7	NaN	NaN	NaN	NaN	NaN	NaN	NaN	NaN	NaN	NaN	NaN	NaN	4401	94.1591784338896	273	5.8408215661104
272	5005	2	NaN	NaN	3296	65.8541458541459	NaN	NaN	1541	30.7892107892108	NaN	NaN	NaN	NaN	158	3.15684315684316	10	0.1998001998002
273	4656	4	NaN	NaN	1	0.0214776632302405	NaN	NaN	3389	72.7878006872852	NaN	NaN	98	2.10481099656357	23	0.493986254295533	1145	24.5919243986254
274	2655	1	2482	93.4839924670433	NaN	NaN	NaN	NaN	NaN	NaN	NaN	NaN	NaN	NaN	19	0.71563088512241	154	5.80037664783428
275	4093	7	NaN	NaN	NaN	NaN	NaN	NaN	NaN	NaN	850	20.7671634497923	NaN	NaN	2642	64.5492303933545	601	14.6836061568532
276	2523	8	NaN	NaN	NaN	NaN	NaN	NaN	NaN	NaN	NaN	NaN	NaN	NaN	NaN	NaN	2523	100
277	3376	8	NaN	NaN	NaN	NaN	NaN	NaN	NaN	NaN	NaN	NaN	NaN	NaN	NaN	NaN	3376	100
278	3553	5	NaN	NaN	NaN	NaN	NaN	NaN	NaN	NaN	2503	70.4475091471996	121	3.40557275541796	694	19.5327891922319	235	6.61412890515058
279	7586	3	2174	28.6580543105721	NaN	NaN	2017	26.5884524123385	NaN	NaN	NaN	NaN	NaN	NaN	2541	33.4959135249143	854	11.2575797521751
280	4828	6	NaN	NaN	NaN	NaN	NaN	NaN	NaN	NaN	NaN	NaN	4405	91.2386081193041	NaN	NaN	423	8.76139188069594
281	4383	2	NaN	NaN	2173	49.5779146703171	658	15.0125484827744	1086	24.7775496235455	NaN	NaN	8	0.182523385808807	NaN	NaN	458	10.4494638375542
282	8143	2	NaN	NaN	6772	83.1634532727496	84	1.03156084980965	26	0.319292643988702	NaN	NaN	NaN	NaN	NaN	NaN	1261	15.485693233452
283	4540	8	NaN	NaN	NaN	NaN	NaN	NaN	NaN	NaN	NaN	NaN	NaN	NaN	NaN	NaN	4540	100
284	2538	8	NaN	NaN	NaN	NaN	NaN	NaN	NaN	NaN	NaN	NaN	NaN	NaN	NaN	NaN	2538	100
285	5189	8	NaN	NaN	NaN	NaN	NaN	NaN	NaN	NaN	NaN	NaN	NaN	NaN	NaN	NaN	5189	100
286	1579	8	NaN	NaN	NaN	NaN	NaN	NaN	NaN	NaN	NaN	NaN	NaN	NaN	NaN	NaN	1579	100
